物理,660,10,111
物理,659,17,128
物理,658,18,146
物理,657,13,159
物理,656,22,181
物理,655,11,192
物理,654,19,211
物理,653,26,237
物理,652,24,261
物理,651,22,283
物理,650,29,312
物理,649,35,347
物理,648,24,371
物理,647,34,405
物理,646,43,448
物理,645,37,485
物理,644,51,536
物理,643,49,585
物理,642,62,647
物理,641,56,703
物理,640,58,761
物理,639,58,819
物理,638,71,890
物理,637,82,972
物理,636,77,1049
物理,635,91,1130
物理,634,85,1215
物理,633,94,1309
物理,632,94,1403
物理,631,109,1512
物理,630,123,1635
物理,629,93,1728
物理,628,117,1845
物理,627,125,1970
物理,626,99,2069
物理,625,114,2183
物理,624,132,2315
物理,623,146,2461
物理,622,146,2607
物理,621,175,2792
物理,620,165,2947
物理,619,183,3130
物理,618,166,3296
物理,617,196,3492
物理,616,202,3694
物理,615,210,3904
物理,614,203,4107
物理,613,223,4330
物理,612,248,4578
物理,611,238,4816
物理,610,223,5039
物理,609,270,5309
物理,608,285,5594
物理,607,292,5886
物理,606,307,6193
物理,605,287,6480
物理,604,311,6791
物理,603,335,7126
物理,602,320,7446
物理,601,345,7791
物理,600,326,8117
物理,599,371,8488
物理,598,368,8856
物理,597,355,9211
物理,596,388,9599
物理,595,416,10015
物理,594,375,10390
物理,593,420,10810
物理,592,402,11212
物理,591,427,11639
物理,590,443,12082
物理,589,464,12546
物理,588,483,13029
物理,587,429,13458
物理,586,482,13940
物理,585,484,14424
物理,584,508,14932
物理,583,552,15494
物理,592,525,16009
物理,591,529,16537
物理,590,549,17096
物理,579,528,17614
物理,578,559,18173
物理,577,571,18744
物理,576,560,19304
物理,575,584,19888
物理,574,623,20511
物理,573,589,21100
物理,572,610,21710
物理,571,627,22337
物理,570,622,22959
物理,569,619,23578
物理,568,672,24250
物理,567,706,24956
物理,566,675,25631
物理,565,677,26308
物理,564,740,27048
物理,563,688,27736
物理,562,761,28497
物理,561,699,29196
物理,560,750,29946
物理,559,790,30736
物理,558,744,31480
物理,557,772,32252
物理,556,743,32995
物理,555,783,33778
物理,554,795,34573
物理,553,770,35343
物理,552,815,36158
物理,551,788,36946
物理,550,863,37809
物理,549,915,38724
物理,548,861,39585
物理,547,892,40477
物理,546,879,41356
物理,545,835,42191
物理,544,901,43092
物理,543,963,43955
物理,542,963,44919
物理,541,997,45705
物理,540,915,46620
物理,539,944,47564
物理,538,888,48452
物理,537,905,49357
物理,536,912,50269
物理,535,913,51182
物理,534,937,52119
物理,533,958,53077
物理,532,927,54004
物理,531,990,54994
物理,530,960,55954
物理,529,962,56916
物理,528,990,57906
物理,527,943,58849
物理,526,975,59824
物理,525,1002,60826
物理,524,1048,61874
物理,523,1001,62875
物理,522,993,63868
物理,521,1040,64908
物理,520,987,65895
物理,519,1016,66911
物理,518,1003,67914
物理,517,1074,68988
物理,516,952,69940
物理,515,1043,70983
物理,514,1014,71997
物理,513,1066,73063
物理,512,997,74060
物理,511,1026,75086
物理,510,1052,76138
物理,509,1050,77188
物理,508,1076,78264
物理,507,996,79260
物理,506,1068,80328
物理,505,1047,81375
物理,504,1038,82413
物理,503,1016,83429
物理,502,1028,84457
物理,501,1066,95523
物理,500,999,96521
物理,499,1048,87569
物理,498,1003,88572
物理,497,972,89544
物理,496,1017,90561
物理,495,1062,91623
物理,494,1041,92664
物理,493,968,93632
物理,492,1049,94681
物理,491,1063,95744
物理,490,984,96728
物理,489,986,97714
物理,488,1013,98727
物理,487,1012,99739
物理,486,1038,100777
物理,485,989,101766
物理,484,962,102728
物理,483,991,103709
物理,482,942,104651
物理,481,1007,105658
物理,480,968,106626
物理,479,1001,107627
物理,478,952,108579
物理,477,912,109491
物理,476,922,110413
物理,475,935,111348
物理,474,929,112277
物理,473,999,113166
物理,472,934,114100
物理,471,884,114984
物理,470,915,115899
物理,469,938,116837
物理,468,939,117776
物理,467,848,118624
物理,466,857,119481
物理,465,914,120395
物理,464,857,121252
物理,463,826,122078
物理,462,841,122919
物理,461,904,123723
物理,460,794,124517
物理,459,838,125355
物理,459,911,126166
物理,457,844,127010
物理,456,765,127775
物理,455,753,128528
物理,454,774,129302
物理,453,719,130021
物理,452,801,130822
物理,451,739,131561
物理,450,766,132327
物理,449,694,133021
物理,448,704,133725
物理,447,734,134459
物理,446,688,135147
物理,445,672,135819
物理,444,703,136522
物理,443,642,137164
物理,442,677,137841
物理,441,611,138452
物理,440,685,139137
物理,439,600,139737
物理,438,613,140350
物理,437,570,140920
物理,436,603,141523
物理,435,591,142114
物理,434,518,142632
物理,433,527,143159
物理,432,521,143680
物理,431,510,144190
物理,430,522,144712
物理,429,508,145220
物理,428,510,145730
物理,427,480,146210
物理,426,501,146711
物理,425,447,147158
物理,424,433,147591
物理,423,471,148062
物理,422,428,148490
物理,421,470,148900
物理,420,407,149373
物理,419,425,149798
物理,418,390,150194
物理,417,404,150598
历史,632,101,101
历史,631,14,115
历史,630,8,123
历史,629,18,141
历史,628,18,159
历史,627,13,172
历史,626,25,197
历史,625,21,218
历史,624,25,243
历史,623,26,269
历史,622,31,300
历史,621,19,319
历史,620,32,351
历史,619,34,385
历史,618,41,426
历史,617,29,455
历史,616,44,499
历史,615,30,529
历史,614,44,573
历史,613,51,624
历史,612,53,677
历史,611,60,737
历史,610,57,794
历史,609,71,865
历史,608,85,950
历史,607,76,1026
历史,606,66,1092
历史,605,83,1175
历史,604,74,1249
历史,603,91,1340
历史,602,107,1447
历史,601,111,1558
历史,600,93,1651
历史,599,98,1749
历史,598,116,1865
历史,597,114,1979
历史,596,150,2129
历史,595,165,2294
历史,594,150,2444
历史,593,139,2583
历史,592,159,2742
历史,591,154,2896
历史,590,166,3062
历史,589,181,3243
历史,588,177,3420
历史,587,161,3581
历史,586,181,3762
历史,585,193,3955
历史,584,202,4157
历史,583,220,4377
历史,582,219,4596
历史,581,200,4796
历史,580,202,4998
历史,579,236,5234
历史,578,230,5464
历史,577,249,5713
历史,576,238,5951
历史,575,257,6208
历史,574,249,6457
历史,573,268,6725
历史,572,263,6988
历史,571,272,7260
历史,570,314,7574
历史,569,282,7856
历史,568,323,8179
历史,567,334,8513
历史,566,298,8811
历史,565,349,9160
历史,564,334,9494
历史,563,357,9851
历史,562,342,10193
历史,561,356,10549
历史,560,357,10906
历史,559,379,11285
历史,558,388,11673
历史,557,372,12045
历史,556,391,12436
历史,555,369,12805
历史,554,402,13207
历史,553,388,13595
历史,552,421,14016
历史,551,380,14396
历史,550,404,14800
历史,549,405,15205
历史,548,420,15625
历史,547,391,16016
历史,546,420,16436
历史,545,456,16892
历史,544,432,17324
历史,543,492,17816
历史,542,442,18258
历史,541,470,18728
历史,540,475,19203
历史,539,446,19649
历史,538,447,20096
历史,537,487,20583
历史,536,504,21087
历史,535,506,21593
历史,534,493,22086
历史,533,475,22561
历史,532,485,23046
历史,531,532,23578
历史,530,515,24093
历史,529,498,24591
历史,528,495,25086
历史,527,491,25577
历史,526,539,26116
历史,525,517,26633
历史,524,553,27186
历史,523,513,27699
历史,522,550,28249
历史,521,520,28769
历史,520,559,29328
历史,519,581,29909
历史,518,525,30434
历史,517,566,31000
历史,516,568,31568
历史,515,614,32182
历史,514,581,32763
历史,513,549,33312
历史,512,579,33891
历史,511,597,34488
历史,510,566,35054
历史,509,562,35616
历史,508,597,36213
历史,507,557,36770
历史,506,621,37391
历史,505,616,38007
历史,504,605,38612
历史,503,626,39238
历史,502,607,39845
历史,501,589,40434
历史,500,610,41044
历史,499,591,41635
历史,498,616,42251
历史,497,623,42874
历史,496,616,43490
历史,495,600,44090
历史,494,590,44680
历史,493,621,45301
历史,492,577,45878
历史,491,584,46462
历史,490,631,47093
历史,489,604,47697
历史,488,639,48336
历史,487,591,48927
历史,486,597,49524
历史,485,602,50126
历史,484,612,50738
历史,483,618,51356
历史,482,607,51963
历史,481,616,52579
历史,480,581,53160
历史,479,577,53737
历史,478,617,54354
历史,477,565,54919
历史,476,591,55510